1.0,0.4795652644478104,0.29255831287129763,0.21877486925646936,0.3532912616253553,0.43036782429382536,0.5134358857071465,0.22079916996436164,0.1639697778221781,0.4503093490391385,0.06195701090901318,0.1746052112647764,0.20816398319664922,0.20899373847828814,0.22318703702542267,0.15767059951679172,0.08265904824981907,0.3792401867184311,0.3770302730363889,0.4331632010963585,0.15550324569962382,0.2049147285531462,0.17155571031308114,0.21935135968338565,0.23487771937211815,0.4494680392834475,0.09755828675814915,0.31084842150589204,0.359104776779834,0.0957750950663561,0.12073887486059948,0.15078801357372176,0.15206819478473974,0.21893526891774942,0.1105616083359784,0.3403697000426949,0.0969601250986939,0.07395698997309878,0.0956705997487102,0.02649958168758444,0.3136769791536535,0.32505020571675536,0.1304083411504584,0.3934669197295535,0.09357389145589276,0.12457532417863322,0.07801474473857002,0.08627178542702034,0.11445661012018833,0.15428838272128503,0.05882546153055789,0.09881864722198486,0.07666686088792762,0.15219298404318535,0.11824362803165786,0.1391739239393363,0.15209222859441376,0.09938876080825455,0.08164826598363747,0.09524127924483883,0.09417941346813448,0.03394569592508616,0.10640646386522165,0.06893907734526913,0.0826111177878033,0.08250492615426147,0.10282053006027646,0.06694457308471978,0.16899330962853099,0.1759284869327776,0.1488360617661366,0.13876015746628972,0.06391729914021153,0.034629989401838125,0.06174964208492683,0.1979966711824068,0.0635107031925266,0.08149635982333878,0.015404216328772695,0.04383554978612151,0.00026191723415400735,0.07251572746841971,0.045670808742566946,0.06227730667935465,0.07164708890091477,0.09157339866688688,0.001399963898060805,0.13073832757446197,0.028102565559703693,0.08334091996616723,0.04553361551990225,0.15625492210357433,0.048842026572674,0.06673723391256149,0.0009968560693198374,0.0959943862073195,0.05791390061939542,0.0006073053749724493,0.10421937220524641,0.0026147896633705197,0.06114979630807797,0.024774770395935904,0.010452336270290725,0.08874858203608531,0.059277711510829785,0.07602406469731209,0.03212729344487177,0.04749936851455054,0.07508923132141623,0.05031528273201609,0.0899803697503556,0.19349332258657173,0.05786310122815161,0.05172485653428054,0.14184315509127438,0.08740007827195856
0.4795652644478104,1.0,0.3731234644660339,0.28178978509998764,0.30729318948946144,0.4845080648315947,0.4063146257617094,0.29350587438744474,0.08722397669438652,0.4347592080626924,0.06429027992200477,0.1750092391171764,0.15905704681386687,0.16478542995215514,0.18774549585553496,0.16986267422009305,0.10098459906162886,0.4161484224763888,0.355101944791556,0.39736670539968266,0.08544326733392675,0.22748266119474522,0.1738141105615855,0.25530456723087863,0.2218684997767327,0.4175958980657258,0.10849320161597605,0.33947500746173265,0.34600119434017346,0.1091788725148285,0.12725558676555926,0.16072789283475286,0.08113909735968783,0.2617047925390232,0.12116738986870025,0.32311915659587737,0.1102671821557672,0.07656441145209335,0.1265859667272258,0.04816514554253074,0.3229182292631218,0.34822648458647926,0.14565601688960864,0.39329328270626124,0.07660304102558835,0.11890602846616752,0.07466297682826409,0.10653209275568433,0.07837484977148003,0.21273893763177812,0.07622431385669444,0.11162060142696643,0.10264050939497676,0.13739661457161884,0.10342918551296698,0.1913261589812562,0.08360353777538256,0.10119338184933357,0.09937008293418186,0.11334944381154412,0.08611111743267148,0.03096043120833667,0.12426965282335217,0.10219162220070296,0.10986082046319819,0.05999297890485982,0.1027289458299303,0.08673638828867401,0.15468641644457776,0.14112130981068247,0.12691945131218962,0.15734745635039107,0.07829201314221275,0.03136299314883816,0.06939921773353691,0.1940084040211104,0.05192484118570586,0.05685193126949209,0.010783738344306,0.05095832383982886,0.0002420721374969741,0.05993724938478581,0.0521165513161359,0.07673525773680556,0.06354250792369355,0.10817016275025505,0.0012577533819363885,0.13758675357757666,0.025057137084645967,0.0925116465177977,0.06566319593803975,0.1930972658630535,0.08523730427980712,0.07548574656090329,0.0010657921705267473,0.05187143040945249,0.09172353575692883,0.0009122975789642455,0.09446768651530925,0.002959792465659069,0.10003511521704525,0.058277428876647094,0.014913840225744468,0.08862935310961073,0.061956718993069905,0.08051003475860416,0.020168534866927053,0.056949557964718574,0.06892981040044785,0.0597009924008842,0.05314761805552945,0.20765467563279216,0.05041275745405743,0.04977958464089645,0.16488231437051834,0.07494950014351498
0.29255831287129763,0.3731234644660339,1.0,0.3395411784820193,0.3179303735805584,0.33367969288378413,0.28313506294510743,0.30804007952010426,0.10352119100431101,0.3558042037930006,0.06660823791882196,0.24371767775440223,0.23950121340983524,0.19530883668067275,0.171386763967227,0.14707267456478731,0.10137323996852628,0.401650805797378,0.31631915638996433,0.3780154018457038,0.0891650430983015,0.3292938618800625,0.1740994864605978,0.14363734920315027,0.2580276408133278,0.2944635516200345,0.20006887021780811,0.3611148209653207,0.3471890228844925,0.15900450390355325,0.16954370091365875,0.1787144616257893,0.12231525699588776,0.1753206577583055,0.10197464666652142,0.298431205104208,0.12786001147004736,0.13594936468577423,0.1185285478130336,0.07482718528953192,0.3228936479322897,0.4064992712405383,0.18696862870896422,0.38985413895044346,0.16273307289961908,0.14547385036939456,0.08540287384269063,0.11611513508341238,0.11951195194759412,0.25970748221476997,0.09770860284123176,0.15882307912424404,0.13273925424865704,0.2158867053364383,0.1927371262284222,0.2040416014850837,0.1116871709972241,0.18520998304421327,0.09333643477844913,0.21083968334834097,0.12634992219504462,0.03758286415553882,0.12381860285957916,0.09579801711039679,0.1026634546592193,0.16298174027112083,0.13402785881334114,0.09829661886087918,0.2251161599882217,0.18825944038932457,0.2276700513590923,0.20057951149410214,0.1397080179180292,0.03941608523930525,0.08075435336909023,0.18921562151051632,0.07014334211243083,0.12912570029188614,0.055356181133309444,0.05725527573098957,0.00026574541589157585,0.10718510935609814,0.09633087759571335,0.07659383967031423,0.10283779245650064,0.09808037431290778,0.002238918496362175,0.21433331558337773,0.037823935817945784,0.12442692524496772,0.10163414631546039,0.21279507588351906,0.05022305863701529,0.10780469051293882,0.0017120894479385046,0.11465077784548147,0.11908624308279271,0.0017504063929780378,0.15691952757348746,0.006276266271388433,0.12931290427187178,0.062320613787002065,0.0380316476227209,0.09869991642527384,0.12628776616821577,0.1100179658980103,0.023155812538919088,0.06962588939358025,0.10430325173762185,0.1011086647031755,0.07276028763395537,0.1976478982236139,0.113796992199847,0.071418102343174,0.19331740391680668,0.09032837147639029
0.21877486925646936,0.28178978509998764,0.3395411784820193,1.0,0.3665389865782832,0.23902265328350997,0.268990084105939,0.29607635923260156,0.13539720506343952,0.248752750789185,0.08728270095536596,0.23954568566040077,0.26587959561024765,0.2437974268738083,0.23975429373757212,0.21778920951412098,0.17559943427953692,0.2713685668943988,0.23185863349887606,0.30861866934747934,0.06838525324023968,0.28422656810251284,0.23203070055850425,0.10363508938418634,0.25533715337680546,0.24588141106528752,0.19909101954055397,0.33274901732716605,0.25011978774705146,0.2507605050719983,0.2237697530207593,0.23670472421403138,0.1007768912326414,0.0693489999071687,0.20045383167782965,0.24146946981699213,0.19909369324302179,0.18985275402281623,0.22241827029646302,0.04505136308668209,0.28957212788332054,0.29657152258083763,0.2088589368630021,0.2982141764698215,0.16974043541370085,0.17152752003334154,0.1781132137355109,0.18066063078797087,0.18123096660543458,0.25449436128776454,0.11351758551416634,0.17756555718787573,0.15486967589661055,0.23360595526352468,0.20939175825558473,0.24360018173916206,0.09412183098786676,0.17710447293140216,0.18382184313365832,0.21108701209879915,0.18621741605118985,0.0217442853889528,0.1833606819747796,0.15667157242392088,0.1487859253522068,0.18068310603688678,0.18923543227722697,0.14195813254575781,0.25293263317271186,0.1954456457241109,0.22333053134723974,0.09043676126740643,0.1684586450466364,0.029918373119900612,0.11898391017758356,0.08202108081638351,0.07887644734373686,0.1356262471444817,0.03541755828388736,0.10521048881533161,0.001567398119122257,0.11254231350045693,0.1285962058819069,0.0759327627262603,0.1376832857800155,0.1869126953686936,0.016391139764594546,0.2472707608148658,0.027437161666370592,0.17085328500212602,0.1309377804793279,0.1517172698124851,0.09731709457624069,0.14504192597149193,0.00546995377503852,0.1242476157628324,0.12465267707042389,0.0017324301223417147,0.14393957128541474,0.011474372876454853,0.17951758894347924,0.0730940424422296,0.02536525974025974,0.13900864620716358,0.1692538650232286,0.09440105965184087,0.025446531976940752,0.10870883532566936,0.15746634425435044,0.12395997079095061,0.0705880063496347,0.10515525088001841,0.11328681684434343,0.06372352905828531,0.11879279172121478,0.12567222116345542
0.3532912616253553,0.30729318948946144,0.3179303735805584,0.3665389865782832,1.0,0.2492101457105259,0.3486605628197897,0.33701535045855946,0.11279158491895423,0.271154468962441,0.08531932603890571,0.23311239975511366,0.28243592955481456,0.2759009532737351,0.27153320724412844,0.17562173214290602,0.10475099671542668,0.3007935403521122,0.274363659151033,0.29981609907109297,0.09295845235907929,0.27736474125045535,0.18933454697028496,0.09098813375304203,0.2883000038457385,0.3223806909764677,0.1498805769922679,0.3311556628341927,0.3059509458790692,0.14199928530111222,0.14632878857412754,0.1793696471354064,0.0989625444666023,0.08389371705068982,0.14663994990166732,0.2751580613355281,0.08215693242609426,0.0994410811235348,0.12311121227714544,0.04363136611785905,0.2587865378431136,0.2968983844784553,0.1718651756592823,0.3130727809438886,0.13902402672131797,0.1911770324671832,0.10718639163520266,0.09706430305580802,0.12459822533728557,0.18404428503034023,0.1043536391321076,0.11612124849489953,0.09457234703626091,0.22133506117627788,0.1576922238974191,0.2073297145404547,0.10196331209028879,0.14766285442523858,0.08495364073818171,0.15014069961266083,0.13063430917001578,0.02811755510284922,0.13358962422311438,0.08624702589176093,0.09458278099592743,0.15232864495582354,0.11223688939836396,0.07165217070719253,0.2333040346879929,0.17933963043242987,0.20220797160064552,0.0989573000806023,0.11096417348387885,0.032346895609363636,0.08168306189557273,0.10678352731171901,0.05623383982158082,0.09766745290163958,0.05844308704256368,0.048793710713271286,0.00019098548510313219,0.10512587961257178,0.09284179057114804,0.061764079289665125,0.08948894590428823,0.12092064093080035,0.001068245480010186,0.1667309219314599,0.027720535183770476,0.12918284391220894,0.056116135772383904,0.13623419194978667,0.086644033316839,0.05415853062898485,0.000956348782435739,0.11033869745146752,0.09619766277312874,0.0005232294938177292,0.11152240466187426,0.0021114485293589774,0.0675768176066645,0.03129946105748071,0.043479903510835895,0.10285838734649555,0.0786421125566657,0.07793931090529804,0.017627217553688145,0.04863131037036811,0.11646971144372356,0.07660805944996987,0.07574826570856293,0.1076743152569144,0.0904095760068417,0.05201473314105299,0.10090427825331709,0.07217108953060732
0.43036782429382536,0.4845080648315947,0.33367969288378413,0.23902265328350997,0.2492101457105259,1.0,0.4060147506734152,0.28092050991668827,0.11183642159396939,0.48874084324577743,0.08419238988888324,0.18024838058041714,0.17173003891652827,0.16544338308988563,0.15214127404674901,0.16395687082232713,0.10754042081739926,0.3519138811900389,0.3882759173276734,0.41736307588237553,0.0881561203105243,0.19699636293830938,0.12194188347870985,0.29477235996053774,0.1955076417965416,0.4419480603640074,0.1274409182725719,0.2911060249566491,0.3233338131281419,0.13579828877014963,0.13018577162912703,0.1660968455695181,0.08281862901862444,0.23185569974748632,0.1040305262934574,0.3058838447479416,0.12656750737576267,0.10793323714725787,0.1027084074546321,0.047144035121169714,0.3383528283697799,0.3301889029761636,0.1399003446012019,0.312148727282937,0.10991708066477256,0.15506187154408618,0.07639634452463619,0.12223627011254737,0.09100460717815761,0.20391924085682062,0.0949017636011785,0.13370036048427666,0.08974664072684543,0.14134536076727458,0.17073982704029264,0.18410096128505532,0.10331238849626749,0.13924170926065677,0.10523003361134202,0.114699847069489,0.09758544432903667,0.04530091212686447,0.12138046526396351,0.09478162629719311,0.1268303126695624,0.1091505027359112,0.119660125263747,0.09635323125736331,0.1825053888115547,0.16427426982945897,0.1237875580047807,0.1624742435055363,0.09876717414148561,0.04052825941202574,0.08812648322209,0.19895399969015104,0.06102246415767209,0.09244538374512107,0.022212523246178742,0.07546858919613189,0.0002860411899313501,0.08162129050127666,0.0866881202891534,0.08064980210285247,0.0766704736239653,0.08578347001657435,0.0015311616637501684,0.17621126495749118,0.03035920347133162,0.12908814750342784,0.08545076300172938,0.17253390359091358,0.08185984500776702,0.09540146674171311,0.011384439359267735,0.10818190636467652,0.10582091786952945,0.00235822193690009,0.1238252835431655,0.006144445868005608,0.12796910787985083,0.043929147889847524,0.016644123080628247,0.07080834063544145,0.09817372687810764,0.07809275405423438,0.020651605123654812,0.08482617224275198,0.12168982951838937,0.08122900470831398,0.05458360903032576,0.2280549353120154,0.07863619920362372,0.05908493519323727,0.1351584981033626,0.11650516644196182
0.5134358857071465,0.4063146257617094,0.28313506294510743,0.268990084105939,0.3486605628197897,0.4060147506734152,1.0,0.24462252871662019,0.09965671353670014,0.4227784176203329,0.06714487127727693,0.1650031212245154,0.2691291210787163,0.2505254901931268,0.22500766780718598,0.14389928402039456,0.08386648332814281,0.3224065945615414,0.3985792813545233,0.3838802325750883,0.0845162151597696,0.18223489201551826,0.17810666445247778,0.1950581070615319,0.23355982193549288,0.46772292723986,0.11334670756876197,0.3036707112564312,0.36577718287587674,0.11554153354612347,0.14086643882554756,0.18492942137285637,0.10736106295507952,0.20457799296073786,0.14443182262169416,0.31917091258255115,0.09021934707260576,0.1042259639536743,0.11627323301511175,0.043109780106906734,0.2981476311256053,0.29606360390785796,0.11984312487747684,0.3444541327804159,0.11811939547583705,0.11063337338962678,0.08614023392811924,0.09909136893722492,0.09238816925334989,0.18973152392562845,0.06288665014992803,0.10550158974544055,0.10968797530288552,0.19372240027725257,0.13363000713619258,0.2054777167787259,0.09220265740287123,0.1274225129874151,0.09226310654332466,0.09553821072871045,0.1047392366941071,0.04629600182571759,0.15078897585669013,0.09142710936818911,0.09920841429344991,0.09127582884137543,0.12412451299332086,0.09371946053317372,0.1977952102351326,0.17660975370520807,0.1747596000185628,0.10866461469483445,0.09013694389337591,0.038906479408779775,0.07487014292522277,0.16192286919423804,0.07420378462009054,0.07749226961474345,0.011146801944486362,0.05629251169945273,0.0002871088142405972,0.0736364838121601,0.08320846665873652,0.06356792742575647,0.07823542816478321,0.11149406558898882,0.002032635753565986,0.12787030002112829,0.03230462422181083,0.13754770541476866,0.07382816411737285,0.11913560470651373,0.07798324102475357,0.06474169575706851,0.005301439069968921,0.10420277409498481,0.07888849511122742,0.0006123095011983901,0.1063079976589274,0.00279106576264199,0.09455032601490296,0.0391951636957277,0.01010339133983699,0.08340328891304499,0.06990886644516354,0.05533500050697354,0.022544746381955683,0.05752563323526594,0.1123948448086091,0.06432226310157403,0.08497622959356768,0.15909076261028865,0.07574191227946073,0.06791734727106014,0.12318100226121752,0.08911094024173964
0.22079916996436164,0.29350587438744474,0.30804007952010426,0.29607635923260156,0.33701535045855946,0.28092050991668827,0.24462252871662019,1.0,0.18965557753722884,0.2770171632439484,0.13276723269445773,0.3043784885013815,0.19534903385254968,0.240095076132217,0.23154122895836127,0.249276328092581,0.20299227144181747,0.3513269585940162,0.2719972738713111,0.2928630729497357,0.14639848449668416,0.31352721252642674,0.14208230680045317,0.1275532823936166,0.2160238236121074,0.22378206252708996,0.2277415934072488,0.38079404340797146,0.23996035921019218,0.22941097113111142,0.1858745999943075,0.23371630090283108,0.20368161013785904,0.09417001992574348,0.14155737035370208,0.20533683812821252,0.17553151757087015,0.19408827512912305,0.11635330542334539,0.05936291604993027,0.28521149817378844,0.2979403199804829,0.28540604611724246,0.29994938779758734,0.2086271567764151,0.23136913714886992,0.12009543562137065,0.15036003271013737,0.19309299656346188,0.3176433842578184,0.12198615222924679,0.2187750623217782,0.1716137041024921,0.21551679731238024,0.2490554783794785,0.24356026212794038,0.19497405267347223,0.18657563684683626,0.17186651638125233,0.1931928260618434,0.14209807623653992,0.04664762081498495,0.16607069108074787,0.13128441391074544,0.13668580496839058,0.2193363651474988,0.22934847316121362,0.13553782560468042,0.296196007937409,0.2984319282224071,0.2830852889801827,0.08713887762959902,0.17007176683884195,0.07540305874795332,0.13684979914904666,0.11664681035788756,0.13522274722430588,0.147752954027069,0.06656274999620856,0.09652806196653473,0.00031446540880503143,0.1642551261390293,0.17849079226664336,0.10481815516596335,0.146519721487728,0.13916205793555933,0.004067159255838501,0.2297065605956458,0.06171918936902289,0.16563491812279824,0.1463395072760335,0.1581443277199863,0.09991195356554451,0.14082249400308366,0.0015836684194246828,0.132687759746418,0.1666065669177109,0.005014430014430015,0.23472530009685544,0.014322611734024528,0.14356210188859636,0.10749325442923639,0.07407716509161076,0.11653782503154324,0.16783551226145593,0.1215063616642122,0.05594238496432779,0.12452317985363122,0.1721463878863584,0.2160728423887411,0.08921529961485541,0.11336622132328764,0.1489185257179614,0.1088626780129593,0.12016037586809547,0.12265314210517052
0.1639697778221781,0.08722397669438652,0.10352119100431101,0.13539720506343952,0.11279158491895423,0.11183642159396939,0.09965671353670014,0.18965557753722884,1.0,0.13731198652208776,0.10971505692696187,0.19029750196477724,0.1546790901993844,0.1376723061038383,0.18299802053330477,0.1660203479669974,0.1601746866047478,0.15448393503997093,0.1356114745126606,0.14718993187778187,0.34238472430202677,0.17244889309431796,0.08815180802364873,0.10604691201328113,0.10443425010461363,0.10849333180424656,0.2084068716755947,0.17162909051838263,0.10342301747379122,0.2733913176731282,0.09643498432101141,0.10590072066987932,0.3334948795642917,0.0876027684979298,0.12056279228637179,0.1260200183966438,0.22072042834754704,0.18756266979254263,0.14766735619377316,0.04843913900175244,0.12689155108431227,0.14682053254398844,0.22303895946842778,0.13602423049459733,0.16060860357287265,0.12437195891510146,0.17858140836085407,0.1948280860385189,0.23642195066665175,0.20258394957992984,0.12172363088326674,0.2290191365237743,0.17511424650214888,0.13976142136281414,0.2070705833465917,0.13910612894839733,0.36062694563628167,0.14576202811568512,0.17599335407918737,0.16468179841467517,0.15346070299278855,0.03808722866488254,0.12342114329446068,0.19648384474254088,0.13338291052321968,0.12574705076627796,0.20008491609717952,0.19670245114952525,0.23670257145382503,0.2519630579861261,0.21779779335451427,0.06448278388278389,0.20295635583190985,0.06589235420186046,0.11792741245481393,0.09962713212713213,0.20901101177021808,0.15299099998029525,0.11699262066909126,0.06440776815776815,0.0,0.2178169069085031,0.21247596326382204,0.18493547351368098,0.18764142086815577,0.11227563021808606,0.013605442176870748,0.23613933721428776,0.032692307692307694,0.18563579447919468,0.20873762455805123,0.08829814191656297,0.14499819076090262,0.20639114002461634,0.02,0.19849910189232958,0.15080137052655143,0.031249999999999997,0.23901842602518858,0.031179138321995464,0.19267977691965474,0.1347655060734208,0.04520917678812415,0.1645796830139496,0.2274145666581533,0.17910332461223272,0.06606504587307079,0.10803863598008939,0.1555552824195564,0.19838199218394859,0.20139180962987221,0.06390768332747379,0.13740741611139037,0.17218025060625206,0.08559211240662853,0.19937239680177535
0.4503093490391385,0.4347592080626924,0.3558042037930006,0.248752750789185,0.271154468962441,0.48874084324577743,0.4227784176203329,0.2770171632439484,0.13731198652208776,1.0,0.08467039294799453,0.25099285830231344,0.18388030134951278,0.1980907700335023,0.18018820913448277,0.20973080911533462,0.110781481273447,0.4259507506033221,0.43595042478260665,0.4175074811583088,0.10417823645671692,0.2722652866292276,0.12775711766940842,0.2499136770589054,0.23885675199064957,0.43417720279922384,0.15822242641057832,0.32661425719091863,0.3739793908248191,0.13308486516019344,0.16394187976883995,0.16292399197490948,0.13621517816760081,0.22589100816117186,0.12260256717747992,0.3892427582844053,0.13099154083224357,0.12688059155178022,0.11148653342572562,0.040724603836881035,0.38302165404171434,0.3587488256182429,0.16885409418100897,0.40054425674467353,0.1368397191188503,0.11220159767534724,0.08943355533054334,0.1156030742742433,0.12486791612415298,0.23621414284917353,0.06705739709687572,0.17631674084347793,0.13304881995243514,0.19167655688809243,0.17314786655647263,0.2012767078798465,0.13288517565634994,0.191545951279288,0.12631671820591614,0.12295166701252949,0.14691365043404958,0.0446216159606946,0.12585902619916625,0.15065325828784518,0.11951741062955447,0.11518382811948247,0.1597492591282583,0.10590188798155747,0.22873305995502438,0.19830079836937475,0.19298839622503952,0.17090481669498672,0.12827270567486634,0.03469869814253449,0.08413273303662304,0.20989339665584542,0.07792408851815934,0.10950490107674235,0.02333499301434893,0.08160920256235336,0.000183452577508714,0.08908442801042135,0.08577602226400553,0.09047000627793424,0.09854764684615994,0.10613442158947718,0.002491679115234426,0.17592763885569718,0.03022888050862592,0.13620753551747553,0.10808413452403758,0.18541611076463535,0.1048840569026428,0.08961027590009056,0.00593010456796918,0.12552505006341133,0.1207844070127745,0.0019621839408648202,0.13689976482307453,0.007301458562936418,0.11891725767719828,0.05321898558393197,0.014319583696978477,0.09867429819864793,0.08327033908182227,0.11969208400332924,0.024292419062646096,0.07279263649490764,0.12103755546666702,0.10240541704068976,0.07116763667130561,0.21998020807344376,0.0833203131030671,0.06766140005240545,0.17066793762991112,0.12084460720302444
0.06195701090901318,0.06429027992200477,0.06660823791882196,0.08728270095536596,0.08531932603890571,0.08419238988888324,0.06714487127727693,0.13276723269445773,0.10971505692696187,0.08467039294799453,1.0,0.17623171431220228,0.10416902822310935,0.1292575172856621,0.12050928302192451,0.13724431940692264,0.12466335950609027,0.07949567089993198,0.09281978769815033,0.09061961336761534,0.1175623438628778,0.113795480241777,0.12065670954949277,0.06116634995535049,0.12496206459658979,0.08563908050078858,0.14465398881182817,0.10661679964501744,0.10576404557260716,0.14441772981310336,0.1809430905973808,0.1905726195411606,0.09867679290971565,0.026453955401323823,0.133770676197664,0.10005415635634878,0.1365500157572293,0.22918197719313413,0.19424843880656584,0.05457875457875457,0.07071355178669911,0.06033388687779447,0.18415519108064107,0.10414266307410132,0.17948158362785044,0.17510360244144388,0.14849389964970477,0.1861088661960333,0.16020842916229977,0.14160804924811712,0.12174990570576306,0.15189715139379167,0.1817390060162424,0.1379650663331684,0.16328180438678805,0.15694709712222454,0.13945324817035346,0.10691950799871976,0.1425683054395187,0.08363376150261395,0.16223305032843016,0.1283864757733511,0.20209504174832238,0.15828563339833795,0.18230479760518006,0.13275714143312828,0.1625662080151837,0.21702273003581296,0.11930535880938961,0.1316066913683762,0.1245413661250765,0.030575597242263906,0.18993617392225878,0.2246373085879652,0.15731279742572638,0.030797389744758166,0.2523895396560932,0.20103948667191449,0.0796103896103896,0.11571655347593851,0.0007680491551459293,0.15748328993943028,0.2610320512566823,0.05034338941878327,0.29895484128696465,0.16098159619472657,0.005957867017774852,0.1702014873359377,0.1458639926381862,0.17800525461897232,0.1596493602605657,0.0686947646346979,0.1299251421978695,0.17824663444357847,0.0021037868162692847,0.19132366902103742,0.20295614620476674,0.05,0.15680602853975148,0.010060174429675895,0.12685857721262916,0.15377333240236465,0.004901960784313725,0.07250642716530482,0.20388362232892915,0.1654877145439759,0.11854039024630299,0.17668638332050896,0.1977988790069927,0.16140934375850938,0.10825480075480076,0.06649211004049713,0.17311035531879207,0.13707776428364665,0.03533529393744447,0.17728662398750378
0.1746052112647764,0.1750092391171764,0.24371767775440223,0.23954568566040077,0.23311239975511366,0.18024838058041714,0.1650031212245154,0.3043784885013815,0.19029750196477724,0.25099285830231344,0.17623171431220228,1.0,0.22476904050384874,0.2276408031458894,0.17068787796544888,0.20128010669340468,0.18513855937115242,0.23892469490773469,0.24150548433586727,0.2752808746139894,0.1687712935905309,0.3542160134554504,0.1718808822092592,0.10058157008893572,0.18691020652278245,0.18956519906650432,0.29752044717835463,0.23382035516668542,0.22517390253565156,0.2088986201596181,0.18183276763110717,0.19029500399962979,0.19382993872005175,0.07864812508768397,0.13141263661151598,0.19562177962004698,0.2090713833889182,0.2173680140766095,0.15588833779712527,0.08204029006539315,0.19059808253041627,0.1961772078170852,0.2895817020253194,0.24055527887113207,0.23162182172229223,0.14803069696270607,0.1784343401822633,0.2408010354130043,0.24692737781707905,0.24771128839244916,0.07786948802001847,0.30715273603732723,0.21747587236139618,0.18620944537746972,0.2752019958858153,0.22177214987092217,0.21399860879482155,0.20206221375149983,0.22537776046604477,0.19273699318719295,0.17750696363081192,0.034005890198012596,0.1719258462143317,0.22293414593501193,0.15612834254785926,0.2070548601393097,0.2130726773928584,0.1650734786462283,0.29011057697731873,0.29139707760145617,0.27489815651122534,0.07508892344950675,0.2383742402771191,0.05853073756606309,0.11455278898038339,0.10836526509617687,0.11006671293450465,0.2923021462749242,0.09135114728335068,0.07393131409920664,0.0028011204481792717,0.15667747000600052,0.24687541508775504,0.1504170855952437,0.21998796543026214,0.13469408185195497,0.009180672268907562,0.311023953357826,0.028861932351463754,0.17428438971216403,0.19015828418234867,0.12675815197121781,0.0847065944867907,0.15557460573123408,0.017857142857142856,0.21393669515940517,0.2173682554217364,0.005920060331825038,0.23883611212166922,0.019611075199310494,0.13095757550909048,0.04991618306811172,0.040560114838382684,0.15151208992451456,0.22465975695915327,0.14299098675043415,0.033560167678463475,0.11704486473913027,0.2842776791920664,0.2503687492854323,0.10936961306772747,0.10734271690923514,0.18872851607573057,0.1508317949315051,0.09773836070416231,0.14843771697544011
0.20816398319664922,0.15905704681386687,0.23950121340983524,0.26587959561024765,0.28243592955481456,0.17173003891652827,0.2691291210787163,0.19534903385254968,0.1546790901993844,0.18388030134951278,0.10416902822310935,0.22476904050384874,1.0,0.3699642876709302,0.3742053162623968,0.3218705206233787,0.18187194618227928,0.22494044322951948,0.21636817397434602,0.23384401784926906,0.11573935062281887,0.1736318027483517,0.33141301209787144,0.04397064543547615,0.2468126153498942,0.22647464583776183,0.1604330233172007,0.2162949065224329,0.2494446051271424,0.21074816218784279,0.29734297360933737,0.35865817638838793,0.1139299108139513,0.06753697720832058,0.28010153737836885,0.22536898951990672,0.25043317654579467,0.2033085678799799,0.26711389073133485,0.06182543512888937,0.21949520916426118,0.19786950776345377,0.1880248778176232,0.23381300499788146,0.150629991062235,0.14162459969043154,0.20224949483552912,0.2574179552683987,0.1553282707164456,0.188001376101012,0.13528007890130678,0.17899387937130332,0.2420698728566826,0.34214052614093765,0.26902770844027535,0.28819436123250936,0.11956522023111567,0.2222284125017672,0.1854908234376155,0.10207806174495128,0.27569574866652974,0.08889751860340096,0.24231685135301403,0.14136172224148535,0.206084304849275,0.124283510995036,0.2256245961844793,0.18275672806098794,0.26727246990455533,0.16779946403461782,0.16982578507440832,0.03669908205447421,0.19069742033033757,0.07651251332065431,0.19363190366301894,0.04274190601505497,0.10448276205650585,0.12114398002001953,0.05266090738912779,0.1329955761769713,0.0009469696969696969,0.11481323510217187,0.10883258654623162,0.0671898392856695,0.17624096450448867,0.20208772632387867,0.004779942279942279,0.17121493341365981,0.0531496730985222,0.27160840703396644,0.1582252892759551,0.07420417805981185,0.14443278567296655,0.1309642824404912,0.007222222222222223,0.18680281463820528,0.11301709763725033,0.0022133422133422133,0.12478321861335476,0.013915179937907212,0.18460376295445483,0.03760881885905433,0.01923076923076923,0.16183334008344027,0.1868745367703685,0.13371597998408918,0.05943327188425227,0.16791875664683228,0.21850604901621037,0.13239019443081715,0.08215347316872972,0.05629764881865722,0.13165727638616415,0.08308961580186286,0.03638617656790436,0.21312036257842415
0.20899373847828814,0.16478542995215514,0.19530883668067275,0.2437974268738083,0.2759009532737351,0.16544338308988563,0.2505254901931268,0.240095076132217,0.1376723061038383,0.1980907700335023,0.1292575172856621,0.2276408031458894,0.3699642876709302,1.0,0.4285056292686375,0.2770987543764934,0.20847045841124645,0.19740937171665313,0.17907000140114393,0.25059474455331415,0.12527217019228323,0.1600804833073118,0.3644693674421906,0.046811556078913505,0.2748886490273748,0.2900038503758008,0.1972597211480919,0.20342855109807118,0.30287725166656926,0.19610233178542053,0.3037946424526495,0.3733905362445291,0.15656714763830845,0.06860004648529172,0.252833597136733,0.18679662377625228,0.20180028512141035,0.16717515724235057,0.22632396757609602,0.057358967028778345,0.19602540749730749,0.21961097966139928,0.2120720330346564,0.23906551458983505,0.17881571181860897,0.2159050481141511,0.16284441465448599,0.19343531304354852,0.1661980467797185,0.18329358443728438,0.12324201080581225,0.1804307898851003,0.2089692670604893,0.32131697209261695,0.2067876211818767,0.3709589843450777,0.17469530579888382,0.2001657986903665,0.19736876844805773,0.09461481317074463,0.22398420499535676,0.0627100998612029,0.24112060359628035,0.18815992478994978,0.16625010199832416,0.11286297523881657,0.1818673791192729,0.19503660415351562,0.18471988490473865,0.17175410504389704,0.1607600322905348,0.036340636911873475,0.14851426521364708,0.10085605373331087,0.14015357451976188,0.05080266050546001,0.11296431279713695,0.1585869847850876,0.03797991484111897,0.10912322842070443,0.0010330578512396695,0.09261392878552697,0.16336929474610382,0.11766477609917769,0.15449622012789954,0.2246412912367224,0.004865190790711054,0.20339333180619204,0.1017092992442962,0.23935488756307863,0.12694478769947934,0.06658429664228759,0.1063134990591172,0.19141888959489467,0.0036001036001035995,0.1565974608025191,0.17753829144162425,0.0009546573653978649,0.21810106409982996,0.005191787096756745,0.1314196271751178,0.06716243309527654,0.007738095238095238,0.1200336010512217,0.12575795307879387,0.134175962637226,0.07878382675870642,0.11670420167627206,0.22623959596901366,0.1699851711196306,0.10827473432148225,0.06735250871449418,0.13284594226443308,0.07228789033306222,0.04267910587355032,0.17883894215907212
0.22318703702542267,0.18774549585553496,0.171386763967227,0.23975429373757212,0.27153320724412844,0.15214127404674901,0.22500766780718598,0.23154122895836127,0.18299802053330477,0.18018820913448277,0.12050928302192451,0.17068787796544888,0.3742053162623968,0.4285056292686375,1.0,0.3204030555798664,0.2389921166140146,0.22012371693908492,0.23534098341602433,0.23974503410947184,0.12455390974031362,0.17690282965085935,0.354009220487714,0.053867573963055713,0.3095141446320773,0.3047888572198002,0.1857491766488789,0.22085332683602268,0.2873916188687539,0.2385473778201095,0.29590244001632177,0.3592902546142083,0.11137053844190933,0.061572469371555874,0.2554243453909232,0.20573807577012718,0.22723419115710147,0.16419345454750056,0.3047313130761,0.04558726868237435,0.2193336543204449,0.21956763206745894,0.2225877414431106,0.2708759807144726,0.1600462978570672,0.24885202455014166,0.21176202921900117,0.24020140295110592,0.16367302438482395,0.17108660023647812,0.16797660260411904,0.18097292335603146,0.24452946362264266,0.38767030282279136,0.20702649780055898,0.37042473413771015,0.17187055331705944,0.22430530462721032,0.20561730126869107,0.08945793704507271,0.26953132675575914,0.058882069604137034,0.2892066539927226,0.1885176000943667,0.2142097082425605,0.12173285157645701,0.22549144522763678,0.220489470740704,0.23477506639536877,0.22416092271575383,0.18463476877346166,0.06163419913419913,0.23980043251459804,0.0767603399436047,0.15917995969123153,0.051713662353777584,0.12993071723762967,0.16293680795017979,0.04570731395766458,0.10902414046319303,0.0009057971014492754,0.13014369420656227,0.15133317547836236,0.09791206127208109,0.1769548444758325,0.25555050069675295,0.006749364765669113,0.24011742497931415,0.059682645793459214,0.2877836982143509,0.16993209700565506,0.08216507524250843,0.1880820717542842,0.1879958409950876,0.0030199722909758867,0.17677622878981675,0.1860432483363373,0.0019313901729155966,0.21534356391068624,0.009953599581455147,0.223764329054796,0.07470283309620365,0.019644723092998955,0.1527555586834132,0.18353375441338696,0.15904426966884316,0.07712445136152285,0.19111399051306335,0.22093720624513047,0.14348782704857896,0.11323538147644732,0.0812126376751855,0.15671756629954423,0.11714660030764179,0.057379718234981385,0.20433380701119366
0.15767059951679172,0.16986267422009305,0.14707267456478731,0.21778920951412098,0.17562173214290602,0.16395687082232713,0.14389928402039456,0.249276328092581,0.1660203479669974,0.20973080911533462,0.13724431940692264,0.20128010669340468,0.3218705206233787,0.2770987543764934,0.3204030555798664,1.0,0.29605188275439986,0.2135667675139356,0.2208878930044612,0.19070928491819894,0.08943192854412592,0.2017699671709997,0.25720399546140377,0.0577253586374363,0.17626408215463193,0.16789506715932598,0.204029449580937,0.21990637328642101,0.1499755671486305,0.2495526220155406,0.2887543936867474,0.26212324586544955,0.13335352868460384,0.06403978882852122,0.1741099292250169,0.18254929285663474,0.32416007909040195,0.2244583255087832,0.26632920668407195,0.03587650831412174,0.2352134012130899,0.19520141652107173,0.27508608219217745,0.17511756080081073,0.20572060877340986,0.18888877624250644,0.20469539664818737,0.3413954694071954,0.23592116567590593,0.20989291611132974,0.2319358307785203,0.22380741937587592,0.3304531998351074,0.2151355584929395,0.20061525848819703,0.26954552374911805,0.15831458260840653,0.23958654152700806,0.31113294668752395,0.12361900710717269,0.22465118045340163,0.07903178122690317,0.23021328466728327,0.22200319749435835,0.24785158191464907,0.12793073769993527,0.28208596407575043,0.23655203498226973,0.24096063994247535,0.26050293447859324,0.23252089056770472,0.02139009862318133,0.3091053611013627,0.13373369416847675,0.211402295213442,0.030700347320065626,0.19977600423252595,0.14228859742509498,0.06762825887331815,0.13025505777361557,0.0017857142857142857,0.17490541723593786,0.17197114242810782,0.09872408293460926,0.1850433086298751,0.2127307956127434,0.01468253968253968,0.2115676238966037,0.06507772891654122,0.2618657744841454,0.2567328926596661,0.08948435444398177,0.2148850706042979,0.25949124855669964,0.009291521486643438,0.18359219203519395,0.16958002227882088,0.01497584541062802,0.1562972553734756,0.027827380952380954,0.24411871835355822,0.10759466005080039,0.004230769230769231,0.17399878453040102,0.20645785304127756,0.21116312255997094,0.06270828264465592,0.17224455571288513,0.23270273333226735,0.1711597022352171,0.09402993876678087,0.06470955905166433,0.1562327841194445,0.1389182123858489,0.022600039219757534,0.26975838521768564
0.08265904824981907,0.10098459906162886,0.10137323996852628,0.17559943427953692,0.10475099671542668,0.10754042081739926,0.08386648332814281,0.20299227144181747,0.1601746866047478,0.110781481273447,0.12466335950609027,0.18513855937115242,0.18187194618227928,0.20847045841124645,0.2389921166140146,0.29605188275439986,1.0,0.14697363127839072,0.13530444922288407,0.10701018334553011,0.14882716053345177,0.15005972884745267,0.177069951449739,0.07354409199563965,0.14058337190951298,0.11171354417432613,0.21643008459046192,0.13236730604927463,0.13534879922947227,0.2829684335136092,0.27590046067124896,0.2774536517792127,0.1843414121716008,0.10687745800323441,0.16873371403216308,0.10670243435750619,0.3110944365429368,0.17763092206322256,0.24352598814318538,0.09134023517512482,0.18589506016953233,0.14265609106380614,0.240525723999844,0.13138082081349708,0.20466857229482485,0.13647267617148912,0.27524277206789943,0.2373664604782409,0.22875605370494664,0.1434502258634079,0.17254714898956786,0.21244697437868537,0.285656421896745,0.20668235816765265,0.2198047627507937,0.2581388884075017,0.2306088942353145,0.18638288793588917,0.2814877630873823,0.159363250255413,0.19981723484146185,0.03747984826932195,0.2025490582667471,0.20311208988366183,0.2000927928763631,0.1146569903651487,0.25703271962882535,0.29049542980488996,0.22080006128703317,0.2412333614224208,0.18502347385380324,0.046889447811106794,0.30360253483239524,0.11337371119979817,0.2087644489912727,0.0846369519590528,0.12841195334631192,0.15577879722616564,0.1827810366271905,0.12290622389306599,0.02857142857142857,0.16841281890623994,0.24610792168357953,0.12306151071929472,0.23460543699632275,0.14198619045790292,0.04285714285714286,0.18549835185357516,0.08927263212977499,0.2408336110322264,0.27392552620076605,0.106564640196514,0.22957500489489396,0.311470966545245,0.009009009009009009,0.19223016625032302,0.21447198404337794,0.026007326007326005,0.2920565848920723,0.08928571428571429,0.20930019974058642,0.1599596946733474,0.005396541443053071,0.20336662689099205,0.2576201762608347,0.1380516271478984,0.0768060643060643,0.1848164376420814,0.2143506537957339,0.19391487697592824,0.07397292250233427,0.04968306676124013,0.1534481266628455,0.14007319211400848,0.04631422369517607,0.21712821412808989
